0, 95.16656902606057
1, 95.51175842199498
2, 93.5429157328721
3, 91.25899842431598
4, 89.02285095680104
5, 86.73856645574732
6, 84.46312873884474
7, 82.38267014003551
8, 80.47788822956983
9, 78.47577522544914
10, 76.62068101067034
11, 75.12330243014688
12, 73.69726653095945
13, 72.38120304834632
14, 71.08023508897874
15, 69.76408253612003
16, 68.61060799977433
17, 67.57021368132914
18, 66.63634768156233
19, 65.7346245168735
20, 64.90013112846157
21, 64.27656708147875
22, 63.413127846571825
23, 62.67031496246957
24, 61.98774688437605
25, 61.16030747969107
26, 60.71535278411882
27, 60.098425039319956
28, 59.691612852835775
29, 59.34742024632211
30, 58.922012497782774
31, 58.512177990014834
32, 58.35440547062311
33, 57.983525293730224
34, 57.788202390025546
35, 57.34605948181498
36, 56.947601112433425
37, 56.66679563241884
38, 56.3544480493866
39, 56.15482661617857
40, 55.845339719455914
41, 55.54762889321191
42, 55.193443762924545
43, 54.98012522180555
44, 54.8504585639286
45, 54.61808869815568
46, 54.32616908492183
47, 54.077996640787234
48, 53.88327348231663
49, 53.71999415244044
50, 53.516168560480104
51, 53.23196595355958
52, 52.885890766666286
53, 52.97315421701067
54, 52.842667951842586
55, 52.61590217295175
56, 52.68989253653584
57, 52.611634964174286
58, 52.558175869116326
59, 52.53156556262035
60, 52.786675695614136
61, 52.55028998237515
62, 52.11643926279863
63, 51.810419280289025
64, 51.8489507935708
65, 51.557968547184885
66, 51.31748905654393
67, 51.25454715945445
68, 51.349489570982286
69, 51.50806497806618
70, 51.730125945764094
71, 51.492450702114645
72, 51.33853921611369
73, 51.27262018107814
74, 50.898040508904096
75, 50.60790509151971
76, 50.84021265095875
77, 50.838936442610304
78, 50.62025464469514
79, 50.686369064940386
80, 50.46052470496619
81, 50.259876604489556
82, 50.166155319044485
83, 50.138259396783056
84, 50.290302911866185
85, 50.56556471692593
86, 50.96589538832631
87, 51.36527222427503
88, 51.64141114570963
89, 51.80879050996514
90, 51.647410557388646
91, 51.48570110127158
92, 51.264167088293874
93, 50.960363352994406
94, 50.51189464557223
95, 50.21111997843297
96, 49.98708608782874
97, 49.76548585276867
98, 49.65471806551596
99, 49.5293510848507
100, 49.4043297334547
101, 49.17300505344777
102, 49.10560140090153
103, 49.087976006946306
104, 49.23581903548248
105, 49.396574550528925
106, 49.76484800567678
107, 50.12185700056501
108, 50.204121024053144
109, 50.2477691962648
110, 50.14094454524185
111, 50.14436880436275
112, 50.19759352369
113, 49.92109216722046
114, 50.050868322832606
115, 50.19955733714111
116, 50.22678644887902
117, 49.963112566052715
118, 49.87705830096146
119, 49.71862152715123
120, 49.58287758070792
121, 49.362758707113095
122, 49.39014406890362
123, 49.25203476802291
124, 49.31649940772377
125, 49.31640387317062
126, 49.270078189756774
127, 49.35016189317566
128, 49.420450785853134
129, 49.40790220308233
130, 49.433179171377695
131, 49.40128701349569
132, 49.77368225452225
133, 49.90142197034408
134, 49.62103780102593
135, 49.69214912903964
136, 49.45575358895828
137, 49.36090930741503
138, 49.18149598585678
139, 48.97845931466429
140, 49.02075339810781
141, 49.01421662005787
142, 48.84345491822652
143, 48.75343923033453
144, 48.64716147244929
145, 48.51868654397241
146, 48.69093751133226
147, 48.976496480200204
148, 48.92528472012814
149, 49.039725680094364
150, 48.736068096922764
151, 48.5267574345826
152, 48.54860540420699
153, 48.856562790099495
154, 48.523062668651065
155, 48.49515065762713
156, 48.316591220266886
157, 48.40013316073162
158, 48.556027692085344
159, 48.54921713150262
160, 48.35336724387448
161, 48.20897075029979
162, 48.23120716574406
163, 48.385872090517516
164, 48.16973373110057
165, 48.10162983280097
166, 48.110597543540514
167, 48.081744369985365
168, 47.7958796584625
169, 47.73593453496404
170, 47.71776032870442
171, 47.65976765346856
172, 47.675968497656115
173, 47.54825801832596
174, 47.42156398257481
175, 47.19005266912684
176, 47.107989305411934
177, 46.96891179357932
178, 46.769364188036235
179, 46.64740153924184
180, 46.370583836629415
181, 46.08526481080487
182, 46.13547393638925
183, 46.14415291729894
184, 46.0506429244799
185, 46.17400178156877
186, 46.36767717568756
187, 46.45532134209991
188, 46.45982997348394
189, 46.65817663297291
190, 46.59670880400239
191, 46.559769234752125
192, 46.726699741854226
193, 46.63544012885472
194, 46.67586094350008
195, 46.67278190876779
196, 46.89463826604392
197, 47.05040598271667
198, 47.316858768964146
199, 47.38845426034916
200, 47.34616813805131
201, 47.37744622633454
202, 47.59361249186796
203, 47.861551140497276
204, 47.73925139607996
205, 47.68859094217762
206, 47.84589208063983
207, 47.838387283406256
208, 48.071337327895904
209, 48.127925166751716
210, 48.06895069901278
211, 47.937426294723515
212, 47.81898440915408
213, 47.59347719974341
214, 47.54561860875248
215, 47.75795781887246
216, 47.56208202334025
217, 47.608936105488546
218, 47.854989572286534
219, 47.84692169862053
220, 47.87608127715816
221, 48.01490816637975
222, 47.77928371432216
223, 47.91161178309597
224, 48.07915495800989
225, 48.188431486085726
226, 48.49476969557428
227, 48.48454831014527
228, 48.343680252583134
229, 48.21249490672613
230, 48.29013855586764
231, 48.377632482740786
232, 48.7052812943095
233, 48.838862047251
234, 48.67078870846582
235, 48.79431118469886
236, 48.567591496764706
237, 48.591750487533545
238, 48.664091921345445
239, 48.68068279870188
240, 48.44414501371847
241, 48.62540783317557
242, 48.587870396162394
243, 48.49534791606676
244, 48.523214943256384
245, 48.468137371597976
246, 48.2433356142006
247, 48.31697079739356
248, 48.06194828949254
249, 47.79339800626824
250, 47.64419234272059
251, 47.50390098975133
252, 47.36945339766292
253, 47.23848995577156
254, 47.013317884924014
255, 46.86936718078629
256, 46.67878604894831
257, 46.26902904707935
258, 46.308123325835524
259, 46.110097361716974
260, 46.192144234689444
261, 46.22830784167285
262, 46.130353924171864
263, 46.24667732832076
264, 46.613383124862764
265, 46.622342476873364
266, 46.78196268876067
267, 46.42913573836085
268, 46.45648481937616
269, 46.543646396408214
270, 46.522744027475596
271, 46.31010298428981
272, 46.12631542192716
273, 45.999709702243464
274, 46.31633152934867
275, 46.537850133836436
276, 46.535449676415915
277, 46.51635324484985
278, 46.78951195353057
279, 47.22390748479495
280, 47.35327002585276
281, 47.42665203989662
282, 47.446954195294154
283, 47.21565209237456
284, 46.98730745012455
285, 46.7531425373912
286, 46.66406818332468
287, 46.368736239079986
288, 46.54695237020184
289, 46.59271912450709
290, 46.81124151617323
291, 47.0241979509395
292, 46.83598264179015
293, 46.86961480176307
294, 47.012830822741314
295, 46.95478887451187
296, 46.89698454989268
297, 46.92851353687115
298, 46.824544586481444
299, 46.81468141866059
300, 46.89103200997195
301, 46.76530595957145
302, 46.66846174149539
303, 46.85551346456755
304, 47.08226537390903
305, 47.011587645113075
306, 46.974160987465815
307, 46.964326330126326
308, 46.76169014450851
309, 46.611167230926206
310, 46.62461907459895
311, 46.37608544875136
312, 46.3849349994268
313, 46.31935433772045
314, 46.044964942538535
315, 46.12248651278468
316, 45.847589438461526
317, 45.870089767651834
318, 45.77010836044819
319, 45.92870846656682
320, 45.85443924283593
321, 45.79467725655526
322, 45.78506634282949
323, 45.93675043088451
324, 45.685853392526504
325, 45.563011486499754
326, 45.30712714349479
327, 45.09362253044014
328, 44.82957915369043
329, 44.703158286978734
330, 44.63108130207449
331, 44.35826049369074
332, 44.14983512754482
333, 44.052123321770964
334, 44.19005238603766
335, 44.08892126023696
336, 43.81596766464204
337, 43.710260692447626
338, 43.577477600641934
339, 43.7699275292589
340, 43.871502457159444
341, 43.91055990444022
342, 43.93120334024966
343, 43.77790127703562
344, 43.89130210973358
345, 43.9982136838883
346, 44.02430868568006
347, 43.949769898187384
348, 44.020461748351735
349, 43.86963700324804
350, 43.59000569098794
351, 43.6676977819967
352, 43.85535838300749
353, 44.02223377606743
354, 44.35833707096148
355, 44.2950124888695
356, 44.37734743830487
357, 44.576453290829804
358, 44.79994478706686
359, 44.8753687586142
360, 45.63417384108055
361, 45.50699690209847
362, 45.4294988967947
363, 45.136979871106305
364, 45.34446177130854
365, 45.357241015137085
366, 45.34600002197402
367, 45.12497672577638
368, 44.971962605807384
369, 44.90502545875539
370, 44.8414723552223
371, 44.866495054990004
372, 44.98069391563956
373, 45.40014812256474
374, 45.62331619662602
375, 45.641122034890685
376, 45.497786456624226
377, 45.3931240363474
378, 45.523447192554855
379, 45.41339568961289
380, 45.44222605808274
381, 45.268084294468004
382, 45.34811739431619
383, 45.28122148777697
384, 45.192346932387885
385, 44.94693980224684
386, 44.57345478511921
387, 44.02414143225499
388, 43.754870698458156
389, 43.69557182553485
390, 43.5533109534652
391, 43.2727418008009
392, 43.16958996467848
393, 42.85676624520608
394, 42.84474766938082
395, 42.88666878671165
396, 42.75025255941608
397, 42.950932308936395
398, 43.05380054396175
399, 43.19393740720615
400, 43.24674339531491
401, 43.39833891584969
402, 43.82770069336357
403, 44.110314747832454
404, 44.171662269646106
405, 44.36410112520497
406, 44.45519794044697
407, 44.344302056167166
408, 44.26465861113453
409, 44.31591279458406
410, 44.47226661378251
411, 44.16078128338386
412, 44.20017882244062
413, 44.169433788194
414, 44.05783791469574
415, 44.15385857476623
416, 44.30474371132189
417, 44.19011644236302
418, 44.34672134459429
419, 43.91819496762559
420, 43.86755343210593
421, 43.67923693309889
422, 43.60782043905642
423, 43.78994576697713
424, 43.998000371663736
425, 43.604580463777076
426, 43.36927289214799
427, 43.36153885231265
428, 43.46421818669057
429, 43.50545066888752
430, 44.02848284852889
431, 44.317349357166066
432, 44.59161903944277
433, 44.576191781440734
434, 44.78315995973717
435, 44.63222503058717
436, 44.63430795988509
437, 44.654962568835046
438, 44.704407510623255
439, 44.51806688042177
440, 44.507321177489956
441, 44.603754497688406
442, 44.42860102109414
443, 44.16382869778876
444, 44.02685407398934
445, 44.01091952040121
446, 44.17298348252093
447, 44.114960358546455
448, 44.20725119904783
449, 44.39717611303216
450, 44.380186981414035
451, 44.44296366779796
452, 44.004507456420136
453, 43.80373218370485
454, 43.63437878327512
455, 43.55634288318825
456, 43.5965661018763
457, 43.418107724108005
458, 43.33129900182071
459, 43.51778372877242
460, 43.70579787063975
461, 43.91272333206173
462, 43.941934565652716
463, 43.802796901995414
464, 43.85339538582754
465, 43.93098611458159
466, 44.05221465441371
467, 43.92948888321817
468, 43.938977020361044
469, 43.97848058860642
470, 43.98740706405448
471, 44.003501118694054
472, 44.381150525107664
473, 44.38361875939987
474, 44.4760530100555
475, 44.74230938617655
476, 44.58572430119299
477, 44.08549699172332
478, 43.80069292023946
479, 43.616636897457376
480, 43.704917264494306
481, 43.863415778401574
482, 43.897138056837335
483, 43.60660420939443
484, 43.770781398008594
485, 43.47202766028627
486, 43.71228335125237
487, 43.648886973017376
488, 43.62104819393154
489, 43.64814896902307
490, 43.69678154176346
491, 43.6125672452827
492, 43.66632403666367
493, 43.789674859618074
494, 43.88882058285665
495, 43.90093321356498
496, 43.6739013124297
497, 43.539363292033876
498, 43.42055555667105
499, 43.36260398621021
500, 43.397121478292505
501, 43.1789036248662
502, 42.98416585855716
503, 43.085273373286604
504, 43.141284877635485
505, 43.12233934979793
506, 43.20395098875483
507, 42.942091833767996
508, 42.69891894299414
509, 42.51129560948715
510, 42.64025381886653
511, 42.484069284301334
512, 42.58607088812419
513, 42.855172157593245
514, 43.38225497262447
515, 43.69961468131665
516, 44.069236790464196
517, 44.21668323397262
518, 44.330643983225286
519, 44.24033359293698
520, 44.133149003054605
521, 43.99524806691978
522, 43.97621515118104
523, 44.1933147967208
524, 44.29501893069048
525, 44.431854355623905
526, 44.62521863097208
527, 44.53063680328805
528, 44.446385166865646
529, 44.483653033347004
530, 44.429111273131134
531, 44.51676765360956
532, 44.48154629209103
533, 44.46874215391868
534, 44.51473424638124
535, 44.65510038534598
536, 44.785365263130224
537, 45.181075912737384
538, 45.29524892361734
539, 45.175172473069665
540, 45.214548257096396
541, 45.27793720729909
542, 45.359518027498154
543, 45.564008767888154
544, 45.39288158511474
545, 45.01861115495673
546, 44.830095210380016
547, 44.81153826189817
548, 44.70473493044469
549, 44.618887668372984
550, 44.34372736994117
551, 44.04109929432698
552, 43.831848617699784
553, 43.82578990234146
554, 44.16091641724871
555, 44.54714872483139
556, 44.655869750397976
557, 44.68310442047983
558, 44.700475706751185
559, 44.879961374853316
560, 45.23249548113389
561, 45.57265674138895
562, 45.41139552306997
563, 45.23290020999516
564, 44.984894365470936
565, 44.83269023507961
566, 44.91008089095051
567, 44.710197062994
568, 44.73798493673286
569, 44.59585240561529
570, 44.62060359538128
571, 44.65257138881516
572, 44.3596284452606
573, 44.143667330985906
574, 44.1006435134883
575, 44.11471291226601
576, 44.378710782868126
577, 44.23626071385435
578, 43.95438519174158
579, 43.62189716947375
580, 43.47482623061324
581, 43.337193605893205
582, 43.14101398192817
583, 42.95234606518841
584, 42.77266975373286
585, 42.54950450687215
586, 42.46426178950127
587, 42.43178735800572
588, 42.51414567767472
589, 42.66516970891311
590, 42.71342326542903
591, 42.74460144816719
592, 42.76280666223218
593, 42.918037129227585
594, 42.79396236700437
595, 42.68234962138656
596, 42.4030802556021
597, 42.358386059039866
598, 42.17166673257288
599, 42.18417964895351
600, 41.98528813475264
601, 42.17762322533169
602, 42.12260448383438
603, 41.89174511753702
604, 41.91253625696433
605, 41.94243309625933
606, 41.946269144105685
607, 42.05698347306589
608, 42.35580290625379
609, 42.86452064537164
610, 43.26430758351918
611, 43.68644815304392
612, 43.98502105694113
613, 44.17613576829776
614, 44.52915540586317
615, 44.853508317716425
616, 45.511327104806
617, 45.529795062568546
618, 45.423395238783485
619, 45.366908796930744
620, 45.54470345734942
621, 45.54634447252289
622, 45.263646157331024
623, 44.97465876954649
624, 44.98070905233277
625, 44.88933064758508
626, 44.719810442182336
627, 44.59428767900284
628, 44.55971792871906
629, 44.666666748869396
630, 44.63204812629829
631, 44.41919532578653
632, 44.41747118772811
633, 44.51190311645185
634, 44.54947500677626
635, 44.587884751597656
636, 44.46314626845037
637, 44.32270928127534
638, 44.33054775780608
639, 44.14098448301302
640, 44.02459802003855
641, 43.735135422807524
642, 43.60678170868956
643, 43.43505613547512
644, 43.120168486679475
645, 43.22702473117553
646, 43.001078693854275
647, 43.060406371416775
648, 42.91378559726471
649, 42.89903987740869
650, 42.85533403394263
651, 42.677772210968776
652, 42.928220643583465
653, 43.05858558354721
654, 43.37973112281649
655, 43.445694909433946
656, 43.52205197413088
657, 43.716586343392564
658, 43.59296087272224
659, 43.54020995177641
660, 43.67723513198935
661, 43.85616637631484
662, 43.56753485235628
663, 43.45144347333572
664, 43.365469737893726
665, 43.400971373742266
666, 43.60413509223584
667, 43.497650393643355
668, 43.46664985069002
669, 43.484219310475325
670, 43.50601948785136
671, 43.39562043025168
672, 43.402985637027406
673, 43.10293507848714
674, 43.262724413250865
675, 42.866723183325995
676, 42.6526154258871
677, 42.595074026663944
678, 42.52785467090313
679, 42.56712048146473
680, 42.49455812580276
681, 42.149306890965796
682, 42.04362360156685
683, 42.12550271527235
684, 42.28547649189178
685, 42.23716436462069
686, 42.263760348094124
687, 42.52654413274824
688, 42.56102125751093
689, 42.82339359170879
690, 43.02924919931449
691, 43.54728248052161
692, 43.80928400458349
693, 43.65366081597774
694, 43.529677541485846
695, 43.78583784841919
696, 43.92467284739146
697, 43.67457720430513
698, 43.51442282694786
699, 43.2753955470952
700, 43.17618104169398
701, 43.05139705914228
702, 43.06671342144283
703, 43.27723659879056
704, 43.47961565533484
705, 43.20147933212691
706, 43.01698141998076
707, 43.08464180799643
708, 43.261747876629755
709, 43.59432434767734
710, 43.76371105906091
711, 44.09483197309411
712, 44.450965112520876
713, 44.67412086663807
714, 44.90093659729858
715, 45.10993386331509
716, 44.922011775503144
717, 44.97532865573268
718, 45.05613531080478
719, 45.12488037022058
720, 45.08255135601741
721, 45.110375982566495
722, 45.04275271444351
723, 44.850345580959015
724, 44.76164860363705
725, 44.618725939083326
726, 44.55681069262624
727, 44.617112886461854
728, 44.54852409713999
729, 44.88399858730731
730, 45.060729900803274
731, 45.140981725284725
732, 45.048891222211786
733, 45.465824691132994
734, 45.58868418695078
735, 45.56942436902887
736, 45.2874586486464
737, 45.07405341458213
738, 45.14671032366821
739, 45.18363751701981
740, 45.27001158283871
741, 45.49164850784323
742, 45.379615357584576
743, 45.274672530308834
744, 45.24968866589032
745, 45.231641987309864
746, 45.20225392927271
747, 45.36465237524777
748, 45.388660531579205
749, 45.556467802927564
750, 45.64923703937464
751, 45.572639585058
752, 45.30274998308555
753, 45.46316093378167
754, 45.43728777024758
755, 45.471795852295095
756, 45.482274168491834
757, 45.267780614748034
758, 45.059155426301935
759, 44.834111750645114
760, 44.514851020094845
761, 44.32651303294813
762, 44.22002119660297
763, 44.05862847107769
764, 44.1613694789154
765, 43.92650463189012
766, 43.986056219042666
767, 43.80901489237626
768, 43.65085083731275
769, 43.42473315019538
770, 43.277461821541344
771, 43.31479630366818
772, 43.11787172775282
773, 43.28685582092974
774, 43.32945572419184
775, 44.19211406907296
776, 44.27819013444896
777, 44.27088714967279
778, 44.14955337417062
779, 44.0801708395919
780, 43.97092688935079
781, 43.736685786180665
782, 43.70326281413941
783, 43.75668330278704
784, 43.63887875790108
785, 43.57458484839463
786, 43.50288012609208
787, 43.56930507556949
788, 43.61815556118053
789, 43.51034529033434
790, 43.499329769076546
791, 43.18924534399263
792, 42.89713647702806
793, 42.85338798299006
794, 42.72185791967114
795, 42.84158584833817
796, 43.13135157226791
797, 43.081637239070865
798, 42.967146472461025
799, 42.59513566509514
800, 42.25842877701319
801, 41.98816576804997
802, 41.863254166675134
803, 41.91503470423525
804, 42.05210593455808
805, 41.874493016542864
806, 42.10261607018731
807, 41.992082644443634
808, 42.09641425140115
809, 42.19033615803778
810, 42.313581474927624
811, 42.261498994334204
812, 42.220227560974486
813, 42.22303038382608
814, 42.109721797896164
815, 42.17084235432078
816, 42.26322757807279
817, 42.297036613275765
818, 42.318204640997536
819, 42.336080571075165
820, 42.40209845630169
821, 42.36539068158543
822, 42.397853598855484
823, 42.60651375861416
824, 42.63781892693922
825, 42.836968227103704
826, 43.23521477331541
827, 43.310184039968355
828, 43.63817800871801
829, 43.79071760354728
830, 43.65061238962583
831, 43.5781278301427
832, 43.4750933576913
833, 43.51032285749153
834, 43.54405689985948
835, 43.69292811194225
836, 43.702566880160425
837, 43.9774136350119
838, 44.097637278626934
839, 44.001653541098754
840, 44.25402148889203
841, 44.256033433552375
842, 44.11839502071187
843, 44.30793852557707
844, 44.35160719758987
845, 44.389887377074416
846, 44.27869097663213
847, 44.18076980210722
848, 44.18724630844754
849, 44.12755231540455
850, 44.1131959916522
851, 44.02977703495433
852, 44.097791484922425
853, 44.01374588912876
854, 43.42460672661988
855, 42.96844463774529
856, 42.68454846208149
857, 42.465840875656106
858, 42.39480698805058
859, 41.96213537116398
860, 41.777060554250326
861, 41.525489352161614
862, 41.37084305250374
863, 41.163375487224215
864, 40.917741096389356
865, 40.718372046364514
866, 40.633803858737416
867, 40.5250829085174
868, 40.88478923093547
869, 40.90732305687196
870, 40.95700147272574
871, 40.955435820937254
872, 41.065809350122
873, 41.29149362215658
874, 41.697146502153274
875, 42.164652499994155
876, 42.180245102672714
877, 42.29730353591392
878, 42.31533862698393
879, 42.630599417435754
880, 42.85408962221043
881, 43.209768927925275
882, 43.473416754863564
883, 43.414500803555974
884, 43.42758747052994
885, 43.34314173125148
886, 43.33547246419301
887, 43.30522864587355
888, 43.18398996230813
889, 43.032514079432325
890, 42.68590772888252
891, 42.36672559581499
892, 42.22020635476568
893, 42.06371723990641
894, 41.98887021207206
895, 42.011322312416134
896, 41.784762879767776
897, 42.05505665231454
898, 42.32068862108971
899, 42.35928034906039
900, 42.26103179403561
901, 42.49350018958761
902, 42.65560946215492
903, 42.95693342570397
904, 43.04688047110912
905, 43.2010736828306
906, 43.16599043760072
907, 43.28603677728819
908, 43.19380678389319
909, 43.26009289650758
910, 43.35255343215382
911, 43.55914774183846
912, 44.07339106248769
913, 44.26515553880173
914, 44.299402691634675
915, 44.39250719263609
916, 44.46709462267592
917, 44.36550102362569
918, 44.512275786768384
919, 44.586002669452384
920, 44.61677068038148
921, 44.84614893790547
922, 44.9020754318421
923, 45.21689706681407
924, 45.10756919653424
925, 45.31579447509805
926, 45.193162185215236
927, 45.053708130047305
928, 44.77645096443416
929, 44.54049089462018
930, 44.45227853564374
931, 44.6400178276548
932, 44.92230571155085
933, 44.71327575189253
934, 44.42811219831682
935, 44.43382231502833
936, 44.29326337746871
937, 44.36014587097284
938, 43.96879959763896
939, 43.72395485692854
940, 43.51034221202639
941, 43.275298099234895
942, 43.0198531830432
943, 42.87716308342248
944, 42.82698883682021
945, 42.93597960676038
946, 43.08004807095246
947, 42.98526577351526
948, 42.98090435968763
949, 42.988692381754944
950, 43.114995133539416
951, 43.14288908489844
952, 43.26198444073454
953, 43.17441241437346
954, 43.355412954424445
955, 43.32776597958662
956, 43.557803014710615
957, 43.6544967239314
958, 43.43128679230957
959, 43.80522590213978
960, 44.20138540844991
961, 44.612344939272866
962, 44.649495362533166
963, 44.443075721182254
964, 44.37368702500245
965, 43.895344157824965
966, 43.54324173623337
967, 43.15681791087787
968, 42.83831889615671
969, 42.37699786603578
970, 42.40711176354323
971, 42.27771687152253
972, 42.16260028538671
973, 42.33316040183891
974, 42.39232277934181
975, 42.5283653403804
976, 42.55955840553168
977, 42.55565155431612
978, 42.63282258901972
979, 42.30567604886983
980, 42.31805114582228
981, 42.143940076106055
982, 41.76187339771693
983, 41.41203872151692
984, 41.016609977171775
985, 40.933130715105754
986, 40.611647450268755
987, 40.6675391354324
988, 40.548212648373855
989, 40.5597399905847
990, 40.431217760771545
991, 40.747390698790525
992, 41.146335832082265
993, 41.388900478042785
994, 41.56143364147992
995, 41.61697918548368
996, 41.76695870701796
997, 42.010383642858
998, 42.14269511622596
999, 42.137883394789895
1000, 42.20013291089184
1001, 42.25795681732246
1002, 42.44908058713686
1003, 42.48533926182468
1004, 42.745667401209595
1005, 42.7480111779148
1006, 42.74942321291353
1007, 42.42008176195838
1008, 42.23687751806912
1009, 42.15512515166554
1010, 42.16005233383219
1011, 42.02581128257864
1012, 42.02086806426963
1013, 42.15601296358476
1014, 42.31199896118612
1015, 42.407044776711494
1016, 42.378837904333835
1017, 42.187243376051434
1018, 42.140758998047914
1019, 41.935409849374395
1020, 41.972489780481695
1021, 41.96379183726019
1022, 42.03904863158317
1023, 42.176508841770485
1024, 42.084078835897515
1025, 42.25426183726872
1026, 42.406724877467845
1027, 42.452640059715364
1028, 42.25912920815085
1029, 42.17051380040015
1030, 41.87619404870372
1031, 41.75984110504709
1032, 42.046529370876065
1033, 42.321746747932885
1034, 42.20888148588109
1035, 42.46793386811297
1036, 42.14324054303418
1037, 42.086540353533636
1038, 42.23347738796108
1039, 42.36428853111173
1040, 42.40624237543068
1041, 42.43340771157483
1042, 42.69215593145332
1043, 42.64901467550923
1044, 42.84994138135004
1045, 42.829488733853594
1046, 42.85815742444671
1047, 42.9021836222624
1048, 42.876182038863114
1049, 42.79717572690973
1050, 42.885883087461856
1051, 43.0025272924595
1052, 43.003585646365444
1053, 42.92081850473261
1054, 42.92273175250064
1055, 42.94431312895226
1056, 42.85674786632476
1057, 43.07510210779886
1058, 43.01998079274263
1059, 42.80443372904432
1060, 42.942050369449966
1061, 42.94976174991514
1062, 43.28826958550027
1063, 43.54454490292374
1064, 43.52363401141168
1065, 43.36168514515852
1066, 43.244313446899284
1067, 42.972814267488694
1068, 43.02083948158026
1069, 42.923166369847465
1070, 42.79666318403636
1071, 42.62477348440421
1072, 42.527267063527404
1073, 42.474257026216044
1074, 42.37543384697482
1075, 42.06896639925257
1076, 41.79207006605508
1077, 41.54527120776891
1078, 41.5197997258485
1079, 41.63162344554399
1080, 41.517387533377274
1081, 41.41726122995048
1082, 41.45746890426833
1083, 41.295668213571695
1084, 41.226280517676315
1085, 41.41441373849935
1086, 41.72220425029595
1087, 41.64247567495509
1088, 42.1223311684995
1089, 41.95480054566789
1090, 42.05816708915943
1091, 42.291629800877324
1092, 42.44620113006347
1093, 42.63531537979775
1094, 42.78533361219823
1095, 43.032418758820384
1096, 43.05231389568895
1097, 43.12130146009534
1098, 43.04908359079935
1099, 43.28068087041814
1100, 43.53616604559606
1101, 43.69279488166252
1102, 43.75661100751181
1103, 43.57074462349952
1104, 43.61326924577619
1105, 43.457112638517586
1106, 43.25529376229927
1107, 43.18595472438228
1108, 42.97361254700617
1109, 42.81252870967732
1110, 42.51669880270723
1111, 42.19859247751968
1112, 41.91158557894929
1113, 41.79377169626138
1114, 41.93145513354275
1115, 41.85263764736796
1116, 41.46568344365503
1117, 41.419310475821774
1118, 41.24582098606916
1119, 41.46635521938003
1120, 41.79029537394251
1121, 41.827911111209104
1122, 42.58907978001415
1123, 42.90874998166107
1124, 42.78880092126956
1125, 42.80016384317149
1126, 42.66413339918406
1127, 42.58843177962685
1128, 42.66483068457991
1129, 42.616843990266034
1130, 42.62665430338197
1131, 42.433983781904764
1132, 42.51693536087978
1133, 42.34230965601375
1134, 42.466424200088575
1135, 42.995729088808666
1136, 43.197938638459235
1137, 43.39766893078199
1138, 43.734680980030014
1139, 43.81709718947445
1140, 44.02815794773869
1141, 43.98450108222004
1142, 43.961412248978725
1143, 43.69137921530641
1144, 43.54324817531976
1145, 43.3296371456526
1146, 43.23140572984915
1147, 43.3195603543881
1148, 43.48701278645347
1149, 43.71055720924695
1150, 43.92013496195834
1151, 43.88477200170945
1152, 43.600638771783565
1153, 43.472789251069024
1154, 43.22675887372263
1155, 43.15634651914719
1156, 43.18279218015948
1157, 43.307538753229835
1158, 43.07492172748125
1159, 42.961491136956035
1160, 42.9065605927844
1161, 42.836962295503305
1162, 42.82746396992327
1163, 42.82287962091952
1164, 42.839899584807725
1165, 42.40509504960277
1166, 42.25771177457183
1167, 42.17519015255388
1168, 42.33249943491306
1169, 42.43220071950366
1170, 42.28900152188479
1171, 42.347973220143736
1172, 42.361769123315575
1173, 43.09002599717521
1174, 43.435442673391314
1175, 43.47122466656364
1176, 44.12418453527614
1177, 44.263420220337714
1178, 44.52531613408515
1179, 44.83479403696776
1180, 44.91720797357653
1181, 44.96951600192684
1182, 45.24308795711954
1183, 44.89345780641022
1184, 44.847045167600825
1185, 44.716717661233695
1186, 44.73749856933492
1187, 44.61195854988332
1188, 44.704436362251386
1189, 45.32988673965621
1190, 45.535484406457144
1191, 45.57096333124186
1192, 45.73828160651712
1193, 45.41022242104683
1194, 45.035199328589805
1195, 44.8085507651905
1196, 44.678789898782455
1197, 44.53004815947881
1198, 44.85232396418743
1199, 45.02948828353623
1200, 45.13598517421936
1201, 45.051345486835096
1202, 45.1134719015715
1203, 44.98715769540773
1204, 44.76905593215339
1205, 44.56794285601805
1206, 44.47316473505457
1207, 44.14288760197614
1208, 43.979952592533834
1209, 43.81113569025293
1210, 43.56825164569698
1211, 43.32067736813172
1212, 43.01050453901802
1213, 42.826069965961715
1214, 42.52409826892723
1215, 42.28482243685616
1216, 42.27311067967552
1217, 42.13883073765465
1218, 42.09713989926729
1219, 42.027048749204205
1220, 42.03772752981163
1221, 41.94039289250337
1222, 41.81626091905817
1223, 41.59336167482033
1224, 41.471402587045105
1225, 41.32971766471365
1226, 41.555372345073955
1227, 41.332875984281344
1228, 41.232398102405796
1229, 41.48861422874219
1230, 41.409070217496144
1231, 41.16105316002602
1232, 41.19005517359552
1233, 41.32890540292687
1234, 41.49884546790105
1235, 41.34118499895024
1236, 40.99088844956539
1237, 40.86955657082168
1238, 40.8639049972009
1239, 41.04342760449324
1240, 41.411145642838925
1241, 41.3910280570004
1242, 41.13570856144704
1243, 40.87962644151879
1244, 40.79470623673905
1245, 40.66147406323105
1246, 40.53552860490176
1247, 40.54833055845044
1248, 40.77792879077879
1249, 40.61323310896062
1250, 40.70021936202687
1251, 40.98363403813882
1252, 41.29974593278422
1253, 41.32218339347524
1254, 41.404029856974226
1255, 41.51613805810392
1256, 41.81035390295725
1257, 42.12575857542486
1258, 42.305603672977576
1259, 42.54629939075775
1260, 42.692416410118746
1261, 42.74668718135804
1262, 42.89390088429207
1263, 43.0403301687029
1264, 43.582873590640304
1265, 43.53768477652134
1266, 43.656558384825
1267, 43.79001812355879
1268, 43.797598275054284
1269, 43.54490110240464
1270, 43.47107653800244
1271, 43.57946633991408
1272, 43.44371907055784
1273, 43.42069802371099
1274, 43.199151486942405
1275, 43.39665547929245
1276, 43.42748631652132
1277, 43.47172985162941
1278, 43.267150841337084
1279, 43.22610110246221
1280, 43.38540312215229
1281, 43.583293768674984
1282, 43.71454587812789
1283, 43.7368676634172
1284, 43.4434073227861
1285, 43.210572181075605
1286, 43.134440401821564
1287, 42.98391220856557
1288, 42.91471796796166
1289, 42.8076139442737
1290, 42.72300637987586
1291, 42.765835717816124
1292, 42.61426822541893
1293, 42.42281703801011
1294, 42.17302224384848
1295, 41.79624358225825
1296, 41.42936582990096
1297, 41.33724181752865
1298, 41.16986266169443
1299, 41.018463134365966
1300, 40.8971656656861
1301, 41.001271383346314
1302, 40.817066878177165
1303, 40.911404535263976
1304, 40.78344180332422
1305, 40.61348481024556
1306, 40.574001864944435
1307, 40.74637803499871
1308, 40.93168104967533
1309, 40.97482034869081
1310, 41.13595153111618
1311, 41.10587582121316
1312, 41.16710373818542
1313, 40.86529905158047
1314, 40.70905532576861
1315, 40.58409323065531
1316, 40.672380337603734
1317, 40.737958128281015
1318, 40.94692501885028
1319, 41.02714783936285
1320, 41.30311516128097
1321, 41.418191629930625
1322, 41.81429505253053
1323, 42.02533819639257
1324, 42.20655346928479
1325, 42.17812610929814
1326, 41.986352166786254
1327, 41.93446858885614
1328, 41.76178372387442
1329, 41.542228970990735
1330, 41.54743124596482
1331, 41.925974367199835
1332, 41.911955865622474
1333, 42.08074359735925
1334, 41.97503150627636
1335, 41.76990432073757
1336, 42.088958192112926
1337, 42.08222780022159
1338, 41.96981478396974
1339, 41.76586081993685
1340, 41.66117463169419
1341, 41.44204720103094
1342, 41.19316231840241
1343, 40.95416860170925
1344, 40.639460228298304
1345, 40.43069101478044
1346, 40.54239378716569
1347, 40.75540660116109
1348, 41.04179206252429
1349, 41.26706145846458
1350, 41.56978483519103
1351, 41.901044907587675
1352, 42.17979899241026
1353, 42.38980740659304
1354, 42.4890056308817
1355, 42.54250887983406
1356, 42.72694697776097
1357, 43.088853990603226
1358, 43.259936091183114
1359, 43.62549545009807
1360, 43.7462164407706
1361, 43.95703846483713
1362, 43.92509409297818
1363, 44.345242968168776
1364, 44.50300678706412
1365, 44.59224146471199
1366, 44.594237614076015
1367, 44.53216668778562
1368, 44.33332838133922
1369, 44.405597317590164
1370, 44.37203645317896
1371, 44.4090385253161
1372, 44.40684086711406
1373, 44.10851573208197
1374, 43.59776408115148
1375, 43.77772488749303
1376, 43.485562981679514
1377, 43.24656349552203
1378, 42.72639174066474
1379, 42.28262328388295
1380, 41.914081574103065
1381, 41.885699974882
1382, 41.4624180377522
1383, 41.35023140098558
1384, 41.28848860257252
1385, 41.03388823231742
1386, 40.91238776947896
1387, 40.91284352861259
1388, 41.195368164669006
1389, 41.16326254283781
1390, 41.228212496760364
1391, 41.20849839760984
1392, 41.18671481282028
1393, 41.462388449379596
1394, 41.40833620827454
1395, 41.23967424140086
1396, 41.26409685272157
1397, 41.31242039924758
1398, 41.381433103362646
1399, 41.740402364363526
1400, 41.65589997541237
1401, 41.66847594648772
1402, 41.736805186629255
1403, 41.61122957410422
1404, 41.622846482760686
1405, 41.7242760895257
1406, 41.88861954649169
1407, 41.87756318914021
1408, 41.795223777845464
1409, 41.90339409712955
1410, 41.95489846624619
1411, 41.88569123296999
1412, 42.057736307556965
1413, 41.8400330107981
1414, 41.77250329607716
1415, 41.607000087957836
1416, 41.326305029232046
1417, 41.09056863710047
1418, 40.77641275548923
1419, 40.69278912840987
1420, 40.61955924814399
1421, 40.66207813583226
1422, 40.60682100186739
1423, 40.556111829170256
1424, 40.57529658486718
1425, 40.26747903127563
1426, 40.34969575727345
1427, 40.05248295988572
1428, 40.51134186351682
1429, 40.68814661284417
1430, 40.87549796967544
1431, 41.04742936978643
1432, 41.07863890556601
1433, 41.42029527716966
1434, 41.568995983842264
1435, 41.696456321779856
1436, 41.553681665010565
1437, 41.70848425394097
1438, 41.782670870046715
1439, 41.590597488974446
1440, 41.40786920515471
1441, 41.103958871014356
1442, 40.92405877818948
1443, 41.051925849789654
1444, 41.15224087153257
1445, 41.152211991427926
1446, 41.14757133479647
1447, 41.04167015259201
1448, 41.09483303343408
1449, 41.20399231209213
1450, 41.36747531582743
1451, 41.23629737289159
1452, 41.52260194390647
1453, 41.52900328532197
1454, 41.499135066176855
1455, 41.6324904916138
1456, 41.75260164702386
1457, 41.94045549076646
1458, 41.69901998808752
1459, 41.91934364910393
1460, 41.95495316285984
1461, 42.00085536942401
1462, 42.532528925119195
1463, 42.42596168104293
1464, 42.21343022760194
1465, 41.983969573499216
1466, 42.09574924269477
1467, 41.9758341106395
1468, 41.988567118022154
1469, 42.16223463713264
1470, 42.40540363437585
1471, 42.22989115471463
1472, 42.068148072758014
1473, 41.988927052609725
1474, 41.86264091748737
1475, 41.88614993116058
1476, 42.04885626196018
1477, 41.95366508922464
1478, 42.13587268650192
1479, 42.09360233998087
1480, 41.960126662241784
1481, 41.78750454541324
1482, 41.50295447231165
1483, 41.532599992331185
1484, 41.33547504901497
1485, 41.287629929784636
1486, 41.30306022315581
1487, 41.40314788133035
1488, 41.43829449601051
1489, 41.57740665778577
1490, 41.50707016090283
1491, 41.90860499155306
1492, 41.885427945662656
1493, 41.883726218395765
1494, 41.81717655474897
1495, 41.656979045949925
1496, 41.60542619590384
1497, 41.86002564881246
1498, 42.04517881306885
1499, 42.09809391763036
1500, 42.06377463574366
1501, 42.07071563205854
1502, 42.71380366460033
1503, 42.87347491595314
1504, 43.06988502977727
1505, 43.02707580445504
1506, 42.918213299971214
1507, 42.713622713668116
1508, 42.80211552083842
1509, 42.836933633254326
1510, 42.91819872745605
1511, 43.01802017911153
1512, 42.93114340375338
1513, 42.490647231127376
1514, 42.552848495749245
1515, 42.413260644507645
1516, 42.34498436075593
1517, 42.04889426987374
1518, 42.1878144901105
1519, 41.96804321311483
1520, 41.83298226331187
1521, 42.02938623702503
1522, 42.041610303535634
1523, 41.7845624032583
1524, 41.97297353118018
1525, 41.75078686770114
1526, 41.562656446894124
1527, 41.47197922732392
1528, 41.53981184047294
1529, 41.822503498316216
1530, 42.02536387055081
1531, 42.18461303109527
1532, 42.3598872950701
1533, 42.400956939494115
1534, 42.541528275284264
1535, 42.64946333913323
1536, 42.83646746308296
1537, 42.93695081095728
1538, 42.920381666021655
1539, 42.85568922542538
1540, 42.82056605666859
1541, 42.85589031682968
1542, 42.980750849513164
1543, 43.212228832540035
1544, 43.11559580154412
1545, 43.05125073143741
1546, 42.85681458943229
1547, 42.771331349653764
1548, 42.87770229446865
1549, 42.845245775367765
1550, 42.92158054981012
1551, 42.93066123848448
1552, 43.02957954749745
1553, 43.11539470338436
1554, 43.26445162094325
1555, 43.036762887536675
1556, 42.76022792839652
1557, 42.598330401147564
1558, 42.59793625782868
1559, 42.662813906686345
1560, 42.46164482491982
1561, 42.1642700408232
1562, 42.395507475320635
1563, 42.34409444867829
1564, 42.19922561853013
1565, 42.099093491258145
1566, 41.62067126495898
1567, 41.77237712074172
1568, 41.64041453320782
1569, 41.8508820449945
1570, 42.15916056227842
1571, 42.147382504602
1572, 42.76001618169671
1573, 43.06490527934028
1574, 43.2806065453842
1575, 43.49606780849922
1576, 43.549619631646515
1577, 43.84072590925733
1578, 43.64315300631887
1579, 43.522534328438226
1580, 43.60864837943085
1581, 43.433566240939065
1582, 43.32198466203811
1583, 43.33159894574723
1584, 43.64645145324979
1585, 43.992491964848504
1586, 44.03014784434256
1587, 44.15676149770381
1588, 44.47971639781086
1589, 44.755958506354965
1590, 44.45358245956872
1591, 44.33730208414718
1592, 44.538592943136635
1593, 44.21070288472217
1594, 44.05626112255428
1595, 44.10026201297577
1596, 44.051447405589116
1597, 43.963763247748844
1598, 44.14420955752599
1599, 44.40152289583018
1600, 44.54749447701266
1601, 44.80574381465528
1602, 44.955286721012435
1603, 45.104832435298746
1604, 45.24802626090204
1605, 45.21712659666509
1606, 45.0695752311344
1607, 44.91781839491009
1608, 44.775875159390715
1609, 44.739398849165546
1610, 44.62380727847777
1611, 44.52945717376397
1612, 44.43559797587578
1613, 44.42488930187855
1614, 44.41666452631684
1615, 44.48618653272694
1616, 44.56159053093351
1617, 44.67558550668219
1618, 44.39396703239446
1619, 44.320285821182786
1620, 44.226642092388715
1621, 44.28770034951101
1622, 44.49233936151138
1623, 44.25293836243285
1624, 43.80489347005751
1625, 43.452425916249446
1626, 43.210750677272785
1627, 43.002735864611346
1628, 42.96052393764393
1629, 42.94485984420976
1630, 42.928911970859915
1631, 42.87368422779512
1632, 42.67650234725318
1633, 42.75566286880575
1634, 42.65505032213173
1635, 42.46086901203684
1636, 42.44973009381475
1637, 42.65860293862433
1638, 42.59322167659089
1639, 42.40178683970804
1640, 42.427118715109735
1641, 42.76741884717658
1642, 42.7415490152261
1643, 42.790130955327385
1644, 42.77608676459137
1645, 42.60230632549554
1646, 42.200019096125466
1647, 42.02364472121901
1648, 41.72225000028357
1649, 41.727859968676306
1650, 41.42612313843662
1651, 41.4367458155462
1652, 41.50665621770808
1653, 41.523806740354615
1654, 41.7630543502464
1655, 41.806572875050776
1656, 41.44849070050552
1657, 41.62480691532582
1658, 41.91566126572892
1659, 42.128215940665285
1660, 42.042351711826605
1661, 42.1492343221818
1662, 42.16570300319626
1663, 42.44038647722645
1664, 42.45008564096542
1665, 42.450129285776086
1666, 42.43180179540343
1667, 42.22959479481018
1668, 42.21225088966439
1669, 42.28886691548448
1670, 42.4194400129341
1671, 42.49663542602255
1672, 42.79137412078588
1673, 43.10459919431857
1674, 43.31347435830223
1675, 43.37843519466091
1676, 43.511966642778845
1677, 43.46849895098864
1678, 43.639996261346624
1679, 43.790330762579956
1680, 43.85078050797599
1681, 43.612921360876356
1682, 43.607670194967504
1683, 43.441657821514454
1684, 42.91406082526245
1685, 42.82226557963322
1686, 42.930662440550975
1687, 43.37185715656214
1688, 43.94651289478494
1689, 43.9096548476351
1690, 43.788069264587314
1691, 43.60953868687803
1692, 43.62644298849295
1693, 43.50003570772391
1694, 43.49994514347749
1695, 43.258694453204406
1696, 43.28497411668449
1697, 43.29161619630353
1698, 43.02061184929753
1699, 42.70297628535943
1700, 42.38188618948689
1701, 41.958451763366874
1702, 41.80523012248112
1703, 41.79048497697049
1704, 42.05777194182993
1705, 42.439656975654415
1706, 42.454375873022414
1707, 42.55625422501467
1708, 42.34316901910834
1709, 42.30582438094839
1710, 42.33385204007911
1711, 42.5591139996523
1712, 42.68100356913597
1713, 42.521836433962825
1714, 42.39257683816115
1715, 42.19427553785815
1716, 42.110555232928704
1717, 42.30906250433414
1718, 42.38981609945697
1719, 42.468351497057654
1720, 42.67252019265783
1721, 42.87997724677395
1722, 43.25214884205221
1723, 43.354280242227134
1724, 43.7856591941128
1725, 43.68729907188129
1726, 43.515476543487786
1727, 43.4593370278508
1728, 43.20976894755486
1729, 43.226388943371006
1730, 43.09796717540414
1731, 43.17636217355581
1732, 43.18879983973566
1733, 43.52830913308278
1734, 43.678578061051816
1735, 43.68352046459652
1736, 43.57014685803008
1737, 43.53365116907023
1738, 43.61283780700507
1739, 43.7781169167338
1740, 43.932613512017035
1741, 43.8657257747288
1742, 43.60568440340895
1743, 43.5029484503961
1744, 43.48562321499067
1745, 43.56144950224148
1746, 43.466681531961136
1747, 43.55091497878665
1748, 43.5402707701146
1749, 43.61876844468335
1750, 43.726469520712115
1751, 43.76687679937407
1752, 43.737159598882975
1753, 43.869653768653265
1754, 43.78006359842479
1755, 43.796578618984356
1756, 44.08951378419198
1757, 43.944947171284774
1758, 44.1310328063249
1759, 44.09179197625492
1760, 44.13867394961099
1761, 44.07448257825138
1762, 44.08148497726984
1763, 43.93411544191246
1764, 44.05283505984984
1765, 44.006669895706736
1766, 43.91066754902397
1767, 44.10761415476561
1768, 44.09377495631795
1769, 44.00445591076596
1770, 43.91257493927338
1771, 43.85044286423191
1772, 43.681169164349214
1773, 43.21421210050852
1774, 42.767326116284224
1775, 42.46656242476723
1776, 42.52769631648215
1777, 42.46105848994294
1778, 42.342737674318364
1779, 42.32067018007118
1780, 42.15057644617141
1781, 42.056971941353126
1782, 41.65042010533138
1783, 41.091634918731486
1784, 40.92567111756577
1785, 40.84243519751811
1786, 41.048841454163174
1787, 41.238583025951
1788, 41.32699210921099
1789, 41.34387559038395
1790, 41.26309184372574
1791, 41.284133137095246
1792, 41.13149306731865
1793, 40.90376925114447
1794, 40.93292205553331
1795, 40.90006186985385
1796, 40.938849413756444
1797, 40.90781773700539
1798, 40.816715624033876
1799, 40.949843685995816
1800, 41.00946795465898
1801, 41.2327733643154
1802, 41.24625193785659
1803, 41.20810453646807
1804, 41.33359486072357
1805, 41.41707146648563
1806, 41.36383318181311
1807, 41.251735013794345
1808, 41.13046223901426
1809, 41.170089525017204
1810, 41.51005090346632
1811, 42.02129144114558
1812, 42.42182040014246
1813, 43.02528071226903
1814, 43.24809253282952
1815, 43.458663411749264
1816, 43.724285606410895
1817, 44.11562232753685
1818, 43.84400556526612
1819, 43.56533323583768
1820, 43.43837710703804
1821, 43.27042403092034
1822, 43.07292410173927
1823, 42.659346590096874
1824, 42.64543776787151
1825, 42.371377463156755
1826, 42.04171915723093
1827, 41.80525956342948
1828, 41.77130586239629
1829, 41.59587695856933
1830, 41.349861793582306
1831, 41.259464553721
1832, 41.23229077368121
1833, 41.22532274802442
1834, 41.531975161491665
1835, 41.56695137287803
1836, 41.441883700323764
1837, 41.62646679460364
1838, 41.72981507376696
1839, 41.60725264809146
1840, 41.8280134545484
1841, 42.032642360601756
1842, 41.99632000333867
1843, 42.08631067082702
1844, 41.912811925072354
1845, 41.73376837620568
1846, 41.52839911753068
1847, 41.66835235330669
1848, 42.18132497509089
1849, 42.375102827462754
1850, 42.32276377163514
1851, 42.51172132205752
1852, 42.8194109362217
1853, 43.13444054121416
1854, 43.0818453858769
1855, 43.122812968994445
1856, 43.149467912080354
1857, 43.18162894209988
1858, 43.15104846543083
1859, 42.95602928905772
1860, 42.861851968342926
1861, 42.97375966064195
1862, 42.897251264747716
1863, 42.60291795632139
1864, 42.77751800055585
1865, 43.09849065021194
1866, 43.12124994064312
1867, 42.90961286659194
1868, 42.73952797953458
1869, 42.74449328408037
1870, 42.639757761363306
1871, 42.76651913670434
1872, 42.731717169417266
1873, 42.75048851326394
1874, 42.70709309004825
1875, 42.62012452571728
1876, 42.61563278020909
1877, 42.52978992733048
1878, 42.44119414840503
1879, 42.33799878407398
1880, 42.42632347472363
1881, 42.68537848522432
1882, 42.70762602191676
1883, 42.682774532230695
1884, 42.69154841218685
1885, 42.43400462570104
1886, 42.25239338717367
1887, 42.093944684356984
1888, 42.01033278361631
1889, 41.99136647983622
1890, 41.99732164752503
1891, 42.152895554166115
1892, 42.091419699172974
1893, 41.918812426506875
1894, 41.85778136585103
1895, 41.70317659338644
1896, 41.715523847899
1897, 41.61947793918037
1898, 41.666984453091594
1899, 41.966886780151775
1900, 41.90926170349277
1901, 41.80322709262934
1902, 41.500302123562335
1903, 41.2284379267596
1904, 40.962199685449704
1905, 41.20928791597456
1906, 41.05381319722627
1907, 40.90742239271979
1908, 40.937601278916596
1909, 40.984956944267886
1910, 40.8946630079279
1911, 40.69800272109128
1912, 40.57267424566542
1913, 40.55462014194992
1914, 40.13977059085263
1915, 39.85618804532589
1916, 39.82731579806642
1917, 39.82108190338641
1918, 39.4710050047229
1919, 39.91434175997856
1920, 39.77380453850811
1921, 39.72436161317441
1922, 39.851783996381506
1923, 39.84885691812932
1924, 39.70009695508904
1925, 39.46210889273768
1926, 39.316127522666164
1927, 40.01574148346843
1928, 40.42239892298873
1929, 40.872872445129076
1930, 41.3568537299704
1931, 41.73501953122622
1932, 42.19910975284043
1933, 42.68469991919385
1934, 43.07041489745621
1935, 43.20463065990138
1936, 43.40784650488664
1937, 43.642752502121944
1938, 43.569346040789114
1939, 43.61844321101007
1940, 43.540188040990024
1941, 43.38702653976153
1942, 43.39235704456317
1943, 43.41591128959739
1944, 43.31007070093025
1945, 43.398039123847816
1946, 43.76184284365017
1947, 43.86098116754498
1948, 43.666750319555874
1949, 43.57086794722123
1950, 43.227265558827725
1951, 42.92300476618341
1952, 42.42703207563238
1953, 42.240540667646215
1954, 41.90615419699915
1955, 41.41112619823141
1956, 41.27214896143545
1957, 41.07412211331343
1958, 40.60657397084511
1959, 40.33508035312464
1960, 40.2514394446013
1961, 40.32744735290928
1962, 40.62344562636586
1963, 40.910700427349326
1964, 41.277607891348815
1965, 41.48767112219026
1966, 41.46272137356029
1967, 41.787980629384585
1968, 41.98110287740809
1969, 42.019485348706596
1970, 42.074218470654195
1971, 42.021611736507595
1972, 41.879088732376125
1973, 41.910923133622184
1974, 42.04474343426736
1975, 42.230468491237986
1976, 41.85384811072072
1977, 41.68425142094322
1978, 41.46644010880023
1979, 41.31930264509196
1980, 41.067038066178085
1981, 40.8974656431063
1982, 40.864185072908356
1983, 40.73275657479826
1984, 40.696111241664774
1985, 40.5833942169261
1986, 40.78899400377946
1987, 40.798206531962286
1988, 40.70139984217625
1989, 40.72919155556671
1990, 40.824254358086876
1991, 40.93301485223442
1992, 41.0332114491941
1993, 40.865548755130526
1994, 41.1900480352681
1995, 41.41656749392852
1996, 41.52871295484338
1997, 41.720140788983116
1998, 41.562809065810605
1999, 41.581317023181036
2000, 41.617434367531416
2001, 41.65512931142889
2002, 41.530228103140416
2003, 41.627711551324275
2004, 41.7780618995269
2005, 41.72489261907814
2006, 41.732118836458646
2007, 41.72708343601909
2008, 41.593598296435836
2009, 41.56178035911678
2010, 41.316601749398046
2011, 41.16807956846711
2012, 41.06073950082287
2013, 40.905854222047175
2014, 40.697258880760934
2015, 40.516713374207235
2016, 40.225104357367584
2017, 40.104339634950406
2018, 40.209023460122886
2019, 40.03830845342584
2020, 39.91645465265019
2021, 39.77254596401762
2022, 39.549969933976705
2023, 39.47577475194797
2024, 39.26258710368676
2025, 39.32045166460083
2026, 39.402001848437244
2027, 39.887582932384994
2028, 39.70224373488788
2029, 39.76654450362413
2030, 39.90200412231754
2031, 40.008062872419366
2032, 40.229566672897974
2033, 40.48596833062934
2034, 40.54364208523226
2035, 41.20739631150498
2036, 41.536798572636556
2037, 41.79333792562823
2038, 42.07874699890143
2039, 42.34169836036835
2040, 42.66824928577073
2041, 42.31801284834011
2042, 42.295768178912404
2043, 41.95748478332514
2044, 41.80786606540075
2045, 41.62550161987676
2046, 41.528906719344874
2047, 41.52496028852303
2048, 41.39850171785093
2049, 41.31286794030638
2050, 41.38511908506473
2051, 41.277482209876155
2052, 41.32489304191054
2053, 41.17657995412041
2054, 40.75459845383593
2055, 40.60859595688252
2056, 40.33208905991802
2057, 40.11944738160923
2058, 40.05066588502995
2059, 39.92328331951734
2060, 40.190051112213006
2061, 40.245883362471595
2062, 40.172135968251716
2063, 40.09669033512187
2064, 39.960656787792615
2065, 39.891930181245826
2066, 39.656686783200904
2067, 39.51669273374177
2068, 39.55644895987379
2069, 39.53444802336138
2070, 39.36993942249276
2071, 39.284369499551275
2072, 39.5021630447457
2073, 39.821674405253766
2074, 40.17919805057284
2075, 40.38048770222383
2076, 40.65222683681429
2077, 40.902216873976016
2078, 41.385693566996224
2079, 42.13992201654158
2080, 42.34851710003879
2081, 42.32178310997994
2082, 42.253940175231584
2083, 42.44899739799365
2084, 42.13841864293826
2085, 42.133298369872406
2086, 42.108923260847
2087, 42.019697073241865
2088, 41.84497779310046
2089, 41.667622653122315
2090, 41.52683864589043
2091, 41.30558224154053
2092, 41.32750167968816
2093, 41.297716195201524
2094, 41.23009550577687
2095, 41.25101899382678
2096, 41.2050755802463
2097, 41.13880138782396
2098, 40.895313418023335
2099, 41.032285233448576
2100, 41.11454181716203
2101, 41.12766377133961
2102, 41.27130543201749
2103, 41.350375567815995
2104, 41.34673882074616
2105, 41.45604660383992
2106, 41.43986983976076
2107, 41.363511076005594
2108, 41.20799315957981
2109, 40.965001403471426
2110, 40.89739542121394
2111, 40.65560065825682
2112, 40.57575470803494
2113, 40.353268326777865
2114, 40.10691903951155
2115, 39.90195571548963
2116, 40.21330624799661
2117, 40.481175224231514
2118, 40.54840929627465
2119, 40.56196275557467
2120, 40.681395515958876
2121, 40.7353142637132
2122, 41.04733712671088
2123, 40.968618229681006
2124, 40.944130696461535
2125, 41.060777965324284
2126, 40.91581343599797
2127, 40.81285010757144
2128, 40.9670622396617
2129, 41.1661859024357
2130, 41.29751874795613
2131, 41.221273200094416
2132, 41.212793257694685
2133, 40.99206637307909
2134, 40.83708550363952
2135, 40.70055792305024
2136, 40.9523461253811
2137, 41.22676750810033
2138, 41.62826142912662
2139, 41.66949887718233
2140, 41.969893538926286
2141, 41.95706438319201
2142, 42.10845682890913
2143, 42.0127435155812
2144, 42.24974548235416
2145, 42.27028977443274
2146, 42.265626636385846
2147, 42.26293368334852
2148, 42.36937698906553
2149, 42.607030987336664
2150, 42.710391784944925
2151, 42.75160949170613
2152, 42.94907083113502
2153, 43.2145236149207
2154, 43.5573669981899
2155, 43.62497379830034
2156, 43.70145993077128
2157, 43.765246597859196
2158, 43.85458826490188
2159, 44.20198974189008
2160, 44.634513555823574
2161, 44.88545065842943
2162, 44.902686409768265
2163, 45.03375010511175
2164, 45.03691513543311
2165, 44.52137344017398
2166, 44.14246258438854
2167, 43.99500683403221
2168, 43.498042208765135
2169, 42.745362006270916
2170, 42.2526161463864
2171, 42.13505576752836
2172, 42.147886156290774
2173, 41.810079913880124
2174, 41.58978762170319
2175, 41.444358226348854
2176, 41.35359020836096
2177, 41.33830858490844
2178, 41.479422638447325
2179, 41.56045542494363
2180, 41.57318429147269
2181, 41.94037050706366
2182, 42.316614350605775
2183, 42.27189182156289
2184, 42.10733513545345
2185, 42.837004216613835
2186, 43.30553137888135
2187, 43.5759290269381
2188, 43.79954634605253
2189, 43.891665080332274
2190, 43.64998355221597
2191, 43.643846875572706
2192, 43.661363555184636
2193, 43.73804939434126
2194, 44.0157772485499
2195, 44.041261100146215
2196, 44.40876133944557
2197, 44.20564248893977
2198, 44.01302317720633
2199, 44.25541382230998
2200, 44.1886858570762
2201, 44.17531829864968
2202, 44.43496955852615
2203, 44.64010780187717
2204, 44.76227183627919
2205, 44.53058637370103
2206, 44.4951647414189
2207, 44.3563122201115
2208, 44.34938145330789
2209, 44.21125927244641
2210, 44.79283564176721
2211, 45.145640210860016
2212, 45.20631029652432
2213, 45.57808690622001
2214, 45.62893925987723
2215, 45.71578942597315
2216, 45.700270764637686
2217, 45.67123398595351
2218, 45.36825605476384
2219, 45.44707820792712
2220, 45.28593276927825
2221, 45.32886758132495
2222, 45.12190375221445
2223, 45.11990784197177
2224, 45.151785394865904
2225, 45.33549703951386
2226, 45.39057999063215
2227, 45.50250022982262
2228, 45.61815588386894
2229, 45.61134156110134
2230, 45.67132239141573
2231, 45.806122562552325
2232, 45.85639584389896
2233, 45.675059622022715
2234, 45.476933598133726
2235, 45.40269972716745
2236, 45.64901491307052
2237, 45.42945329437648
2238, 44.95962859686104
2239, 44.632028838298375
2240, 44.59610754375847
2241, 44.41304398647862
2242, 44.61046997697281
2243, 45.11052556698431
2244, 45.2908638065806
2245, 45.14661344447214
2246, 45.27575225084061
2247, 45.43304387526379
2248, 45.187330502006176
2249, 45.052215298850285
2250, 44.9943974552352
2251, 44.914498315865416
2252, 44.843083653756736
2253, 44.825381784024295
2254, 44.60810348548198
2255, 44.61940872228903
2256, 44.656223765499924
2257, 44.886546514920425
2258, 45.116411764693304
2259, 45.032497604213674
2260, 44.73938376402095
2261, 44.52678402045483
2262, 44.48546198679465
2263, 44.462868450367516
2264, 44.40346713937681
2265, 44.0810318027232
2266, 43.930483017518405
2267, 44.164595045826864
2268, 44.14902637036037
2269, 44.207598865001465
2270, 44.21354271244761
2271, 44.329198605274044
2272, 44.403512806125136
2273, 44.65048037882608
2274, 44.590216256136635
2275, 44.54882091200613
2276, 44.502369642846986
2277, 44.43827705221826
2278, 44.793364862756945
2279, 44.818840621878735
2280, 44.64912441003107
2281, 44.7648337952814
2282, 44.83517896609248
2283, 44.8949415075887
2284, 44.8802490853258
2285, 44.78536150567161
2286, 44.5558102241552
2287, 44.65893672804812
2288, 44.797599312184126
2289, 44.6682401610422
2290, 44.4270764790962
2291, 44.19028753296549
2292, 44.08433060623137
2293, 44.17035061206778
2294, 43.79714276420961
2295, 43.42762065943637
2296, 43.093018924174835
2297, 42.76536262063432
2298, 42.12763564999414
2299, 41.54268279479325
2300, 41.44868328305672
2301, 41.059526796732314
2302, 40.993008592891094
2303, 41.08333552701278
2304, 41.14296805687774
2305, 41.1267482372842
2306, 41.14529264837887
2307, 40.88718552349333
2308, 40.82335066710911
2309, 41.02793302408502
2310, 41.33538485678918
2311, 41.49348921309636
2312, 41.51028079702152
2313, 41.455931607771056
2314, 41.54666336692423
2315, 41.39350129200526
2316, 41.4366214925649
2317, 41.48380546232747
2318, 41.67006980168423
2319, 42.112459687250606
2320, 42.56293656890296
2321, 42.718714532807766
2322, 42.60001869526409
2323, 42.800783311426564
2324, 42.91151127201249
2325, 43.019609579529934
2326, 43.15945858668218
2327, 43.013067459432826
2328, 42.94314194715047
2329, 42.930292664026005
2330, 43.17806642255317
2331, 43.19282417840829
2332, 43.42093156269332
2333, 43.56982766727965
2334, 43.620535575949155
2335, 43.74893023143697
2336, 43.34056418511253
2337, 43.09065127286962
2338, 42.706803468685145
2339, 42.33095323828887
2340, 41.97888010619959
2341, 41.964743130339045
2342, 41.705456395571815
2343, 41.520299518132155
2344, 41.62143092732132
2345, 41.37171480098764
2346, 41.04506240599205
2347, 40.8778606070189
2348, 40.49258897439564
2349, 40.57082880027167
2350, 40.49008243416933
2351, 40.56285864849655
2352, 40.552160243070546
2353, 40.81220899287726
2354, 41.0018887654394
2355, 41.20188472712223
2356, 41.342222830010705
2357, 41.34641539043994
2358, 41.44244268477819
2359, 41.632048471177896
2360, 41.64547906599241
2361, 41.804270715990135
2362, 41.65023520502968
2363, 41.5884473785852
2364, 41.61555824465574
2365, 41.582515448301756
2366, 41.687811282266864
2367, 41.57553070289131
2368, 41.458319400685916
2369, 41.36924677068607
2370, 41.384373169494296
2371, 41.46579046771418
2372, 41.48901603797067
2373, 41.45483462958599
2374, 41.340426273305376
2375, 41.22309825808005
2376, 41.09679200931282
2377, 41.01452116608318
2378, 40.9541795619846
2379, 41.891324125278956
2380, 41.809440382401476
2381, 41.92468875556279
2382, 42.137908193626245
2383, 42.2145427710401
2384, 41.96986297752059
2385, 41.985966236777465
2386, 41.82560819578166
2387, 41.70876488153609
2388, 41.937444130963954
2389, 41.930855194456164
2390, 41.604446543552356
2391, 41.20803889817169
2392, 41.0523671273192
2393, 41.25396812935587
2394, 41.33337008517081
2395, 41.7152103529088
2396, 41.58462067729425
2397, 41.52653553885085
2398, 41.360534954009914
2399, 41.1704499687041
2400, 41.411549920054384
2401, 41.536280151368224
2402, 41.42533831730835
2403, 41.6681830281396
2404, 41.74464244679782
2405, 41.686674570572244
2406, 41.67519308786887
2407, 41.45535230162321
2408, 41.35547678292543
2409, 41.329516393047975
2410, 41.29612122169969
2411, 41.21937199096615
2412, 41.148085808625794
2413, 41.079551551551354
2414, 41.02528986767056
2415, 40.83618050918348
2416, 40.732482418638135
2417, 40.81823115929037
2418, 40.6692651056739
2419, 40.66525432282073
2420, 40.634359278148445
2421, 40.60315750690849
2422, 40.601965552847716
2423, 40.66694071513721
2424, 40.63356594653159
2425, 40.617279006052506
2426, 40.83562358079821
2427, 41.04729827384728
2428, 41.15099025107232
2429, 41.21520164778002
2430, 41.20248079343051
2431, 41.19735618738304
2432, 41.05761653689968
2433, 40.86226053966315
2434, 40.86951532370332
2435, 41.146398146264175
2436, 41.0384523432574
2437, 40.874271481487945
2438, 40.597663740624974
2439, 40.43896398126764
2440, 40.5265294112427
2441, 40.92927747947158
2442, 41.020683563923505
2443, 41.001190360765776
2444, 41.16548394252802
2445, 41.257785826478255
2446, 41.127359920545636
2447, 40.821184831362494
2448, 40.82290888865496
2449, 40.736913217194896
2450, 41.24542289012935
2451, 41.556072162110674
2452, 41.632584833802575
2453, 41.647786087376126
2454, 41.56883732017689
2455, 41.50763555047981
2456, 41.28161359383096
2457, 41.28393723264255
2458, 41.42404528505786
2459, 41.25429207175786
2460, 41.233767384201116
2461, 41.22577456855699
2462, 41.081842714918345
2463, 40.957703131520965
2464, 40.90129229207848
2465, 40.71050544229899
2466, 40.72827046335747
2467, 40.66263159270247
2468, 41.25171647853872
2469, 41.11878064848624
2470, 40.741673905559615
2471, 40.85605178918355
2472, 40.868637049000654
2473, 40.73610085830967
2474, 40.926254928539784
2475, 41.09266283236709
2476, 41.084623003249085
2477, 40.93457675553126
2478, 40.86175556058104
2479, 40.638419448787864
2480, 40.36752385157391
2481, 40.109583023855535
2482, 40.05065742203151
2483, 39.953939965278124
2484, 39.65204407670046
2485, 39.58472213551681
2486, 39.62130857170622
2487, 39.38498749289228
2488, 39.40196266722448
2489, 39.616369786198376
2490, 39.51298066682239
2491, 39.59488607822945
2492, 39.68702336147502
2493, 39.42199078681358
2494, 39.40196903897621
2495, 39.31767203532827
2496, 39.10145359656013
2497, 39.03878244763011
2498, 39.23144088970323
2499, 39.14313262866177
2500, 39.06278476249616
2501, 38.8651969880473
2502, 38.892646942786705
2503, 39.032302657050565
2504, 39.15863268870189
2505, 39.45091345884427
2506, 39.48606613666766
2507, 39.914096026669405
2508, 40.052293557541645
2509, 40.28567384297461
2510, 40.50065178736011
2511, 40.381762767054035
2512, 40.35875274310852
2513, 40.394033259715435
2514, 40.73052150237294
2515, 40.95061945913574
2516, 41.07817576081295
2517, 41.23289557278573
2518, 41.003037608894864
2519, 41.02269427848763
2520, 40.93459711350784
2521, 40.97541704808622
2522, 41.39661292484184
2523, 41.46099676427484
2524, 41.4053061691111
2525, 41.738829816754496
2526, 41.815563976890154
2527, 42.04637324583948
2528, 42.087836559990635
2529, 41.9629530401624
2530, 42.10893936652096
2531, 42.318087322988106
2532, 42.45012569578628
2533, 42.52332362480063
2534, 42.62173987968892
2535, 42.605746272576695
2536, 42.55561623948775
2537, 42.55071909856857
2538, 42.74723529786736
2539, 42.81198929939239
2540, 42.89884843269881
2541, 43.104911339192626
2542, 42.84722788039497
2543, 42.4914840602204
2544, 42.10415818552771
2545, 41.8071715195342
2546, 41.78969822611625
2547, 41.804615569227394
2548, 41.778794310946424
2549, 41.77206669926413
2550, 41.939700546897576
2551, 41.82839211169361
2552, 41.74479495218027
2553, 41.41335261107608
2554, 41.53807718727822
2555, 41.66668322599636
2556, 41.71507438790308
2557, 42.04443083801695
2558, 42.1015547166154
2559, 42.02869014096023
2560, 41.86360838201009
2561, 41.976043036941036
2562, 41.944157210973614
2563, 41.95353834467699
2564, 41.8311533804567
2565, 41.8679698947234
2566, 41.842303507673954
2567, 41.88500868409383
2568, 42.002410641735366
2569, 42.08813500980798
2570, 41.97509406700673
2571, 42.24985004551189
2572, 42.41505955365547
2573, 42.790814051431525
2574, 43.18869662653031
2575, 43.553994424342626
2576, 43.73410220839082
2577, 43.65115890784925
2578, 44.11213268452954
2579, 44.20664977972104
2580, 44.45065920520479
2581, 44.40630991097577
2582, 43.976081229409864
2583, 43.827370204210396
2584, 43.92978732208234
2585, 43.60539867223427
2586, 43.42084771305837
2587, 42.97452871217565
2588, 42.482717454284476
2589, 42.100725724513744
2590, 41.59768474348807
2591, 41.746146450971565
2592, 41.590619347372744
2593, 41.50544134917835
2594, 41.4739708447733
2595, 41.52851628104507
2596, 42.20130160330653
2597, 42.59659644231692
2598, 42.28709153332478
2599, 42.27799523932381
2600, 42.45956473056953
2601, 42.54898185746589
2602, 42.490411053967634
2603, 41.84740460433573
2604, 41.445030423267355
2605, 41.326127866055174
2606, 41.234511682312046
2607, 41.28000452762062
2608, 41.554426914552984
2609, 41.32921927713608
2610, 41.56433600595695
2611, 41.67897954634966
2612, 41.50933651371348
2613, 41.63913069853897
2614, 41.64083155282333
2615, 41.765910618441495
2616, 41.682167327242595
2617, 42.02035559416608
2618, 42.06495138831657
2619, 41.81877159482579
2620, 41.79613754349776
2621, 41.6950307859313
2622, 41.70176779570151
2623, 41.57940196489428
2624, 41.330637126305064
2625, 41.08838842146996
2626, 41.005401807487864
2627, 41.00301838645583
2628, 40.94914751916216
2629, 41.096530224735965
2630, 41.180390833609216
2631, 41.24083390109421
2632, 41.37433082163346
2633, 41.49105655464094
2634, 41.515348389875726
2635, 42.05838743762753
2636, 42.270990891882924
2637, 42.31401748457865
2638, 42.23694119556612
2639, 42.19790720169448
2640, 42.127512754110015
2641, 41.930586342351106
2642, 41.65491444034293
2643, 41.55222819219377
2644, 41.48578368863449
2645, 41.800719266431514
2646, 41.87704368163914
2647, 42.20422660945145
2648, 42.155728805484266
2649, 42.21953044743146
2650, 42.222269818491185
2651, 42.66343976159097
2652, 42.50630177271248
2653, 42.35241442251836
2654, 41.989135860657655
2655, 41.92058240858408
2656, 41.94542312099358
2657, 42.00419875494776
2658, 42.17066563803436
2659, 42.13787176778036
2660, 41.88243004056311
2661, 41.64920874276021
2662, 41.60826759787298
2663, 41.50763852849566
2664, 41.4250918575098
2665, 41.29360610825458
2666, 41.19926046780839
2667, 40.990741388415124
2668, 40.85262787487716
2669, 40.6284110063668
2670, 40.68537985133798
2671, 41.07412124404617
2672, 41.02271608358428
2673, 41.021189109713575
2674, 40.935567174977905
2675, 41.104974879919126
2676, 40.930824083233674
2677, 40.69262860326349
2678, 40.43092485505712
2679, 40.17180699946185
2680, 40.10588647609446
2681, 39.93046235726307
2682, 40.32376494467021
2683, 40.63133755695124
2684, 40.64158075900286
2685, 40.55568267995672
2686, 40.780193704228616
2687, 41.010867801476095
2688, 41.38547233785752
2689, 41.634668612572334
2690, 41.434698116487155
2691, 41.401782149194794
2692, 41.374851209016306
2693, 41.1026779563428
2694, 40.91840265883844
2695, 40.544476149286304
2696, 40.614565522455194
2697, 40.62619332338124
2698, 40.59343225913215
2699, 40.52798989486726
2700, 40.45368498987985
2701, 40.59488288057694
2702, 40.552626227826416
2703, 40.42083144534808
2704, 40.21171557071056
2705, 39.94380200186121
2706, 39.53384343239875
2707, 39.24557885580161
2708, 39.162506588090714
2709, 39.13966836449042
2710, 39.17296744844976
2711, 39.26114101373474
2712, 39.53791596621637
2713, 39.586932424349634
2714, 39.69967120239497
2715, 39.64870456873483
2716, 39.90696217577055
2717, 40.13262649078988
2718, 40.39399418834476
2719, 40.38820408586682
2720, 40.36396890187764
2721, 40.220952990996146
2722, 40.51664189131419
2723, 40.620435925684376
2724, 40.76384989622221
2725, 40.764007906526786
2726, 40.746121674708476
2727, 40.79437676381193
2728, 40.87264024300958
2729, 41.57054740656622
2730, 41.65802791519573
2731, 41.56096874001074
2732, 41.51935112473993
2733, 41.317642702450286
2734, 41.2526266022744
2735, 41.304807421848516
2736, 41.34391580355213
2737, 41.47146370610684
2738, 41.500987516316755
2739, 41.54609029214218
2740, 41.84668762474531
2741, 42.05551322496043
2742, 42.182020736346196
2743, 42.35684826824623
2744, 42.382132367160146
2745, 42.48511487695654
2746, 42.426222189833176
2747, 42.2736860104855
2748, 42.38829059233358
2749, 42.38798535094823
2750, 42.51450633011331
2751, 42.81480700642968
2752, 42.82973985438455
2753, 42.90539982269333
2754, 42.689008427710576
2755, 42.72879825803956
2756, 42.85089696886675
2757, 42.708931858248505
2758, 42.606246661101814
2759, 42.69940273803278
2760, 42.647138854711294
2761, 42.58173946424364
2762, 42.276984255998954
2763, 41.9654574834693
2764, 41.61545327509585
2765, 41.42288523763277
2766, 41.52722857046673
2767, 41.292463932347644
2768, 41.28545999355597
2769, 41.43669533277079
2770, 41.36339782033191
2771, 41.4858872311736
2772, 41.71548172918089
2773, 41.626303990228564
2774, 41.585739187423655
2775, 41.681540510707585
2776, 41.78021459427262
2777, 41.65700939901157
2778, 42.03813137200447
2779, 42.272022203852984
2780, 42.210050289639106
2781, 42.363731511701644
2782, 42.539599922764246
2783, 42.57785196548043
2784, 42.55456224408388
2785, 42.4737483376654
2786, 42.31183111700528
2787, 42.39068070549623
2788, 42.37766922973153
2789, 42.37157163572657
2790, 42.47422715373479
2791, 42.46621851898039
2792, 42.47184902233276
2793, 42.73188517308221
2794, 42.89935291538297
2795, 42.701857223530894
2796, 42.86091320099194
2797, 42.53101719699094
2798, 42.359495355725485
2799, 42.28163828935039
2800, 42.123423954175955
2801, 42.180330430288
2802, 41.981705221892426
2803, 42.362487465843124
2804, 42.09581979601498
2805, 42.06269296316887
2806, 41.84484312473009
2807, 41.989303105151166
2808, 42.02475318333198
2809, 42.05163147883325
2810, 41.999595957744056
2811, 42.02759586045056
2812, 42.04596077695018
2813, 42.149295649742776
2814, 42.404606977146436
2815, 42.55369947532428
2816, 42.62590341944143
2817, 42.685789107692955
2818, 42.55213053603783
2819, 42.32980415503367
2820, 42.307664070679124
2821, 42.316690440025
2822, 42.46227330440079
2823, 42.823112780566966
2824, 42.56721885286412
2825, 42.434641077929356
2826, 42.254147346993435
2827, 42.02738945022479
2828, 41.83332747569061
2829, 41.676477485502765
2830, 41.78553430008218
2831, 41.65180401570226
2832, 41.72160004165701
2833, 41.661097090282176
2834, 41.56200340734344
2835, 41.32573871288922
2836, 41.45648322516702
2837, 41.67948315201512
2838, 41.6070716501143
2839, 41.77720501523108
2840, 42.10407271937295
2841, 42.43310605140756
2842, 42.51203636377226
2843, 42.62989376634244
2844, 42.75585455514224
2845, 42.751935182781
2846, 42.42691894353497
2847, 42.341242370107146
2848, 42.03554646699778
2849, 41.82007856952889
2850, 41.8486705386738
2851, 41.80694937951178
2852, 41.32378559088804
2853, 41.04391023480184
2854, 41.2224811266427
2855, 41.191438643664895
2856, 41.133928264018124
2857, 41.13064410792686
2858, 41.10400929512996
2859, 41.102764219930904
2860, 41.28270666890623
2861, 41.0637363060468
2862, 41.189135808326164
2863, 41.5169113388792
2864, 41.6411308732285
2865, 41.89644454615889
2866, 42.31464710575286
2867, 42.4466684979751
2868, 42.714936032385104
2869, 43.04061746301855
2870, 43.11226198557981
2871, 42.956475222352054
2872, 42.923575266694215
2873, 42.96394581091331
2874, 42.79677400328759
2875, 42.69644821649541
2876, 42.50224164900629
2877, 42.23333410044913
2878, 42.09111731701906
2879, 41.923381267951
2880, 41.96926487208362
2881, 41.850552875086855
2882, 41.66179055579155
2883, 41.62486705019784
2884, 41.91200818191853
2885, 41.92366375772091
2886, 41.85489221726982
2887, 41.9931215086281
2888, 41.75492836679912
2889, 41.82724532997843
2890, 42.06690958094768
2891, 41.96803149302866
2892, 41.746672552108684
2893, 41.575219612694355
2894, 41.8224232563018
2895, 41.778236738501015
2896, 42.232608701134176
2897, 42.321903918967806
2898, 42.43363146745819
2899, 42.808236132183616
2900, 42.899017682579775
2901, 42.959227854564
2902, 43.21911824186891
2903, 43.32458195150802
2904, 43.068720862841346
2905, 42.79155586838476
2906, 42.797544545581346
2907, 43.09868552580662
2908, 43.479760016301036
2909, 43.43951552523752
2910, 43.289479831213505
2911, 43.191380503231834
2912, 43.15391942872387
2913, 43.06505368577573
2914, 43.09969547142688
2915, 43.00505031112256
2916, 43.02432676324693
2917, 42.94088929835332
2918, 42.63434447676142
2919, 42.40223356492334
2920, 41.963026210883214
2921, 41.68454146953309
2922, 41.45892164024519
2923, 41.07541648631976
2924, 41.10480906043159
2925, 40.8339293467706
2926, 40.71041018873431
2927, 40.69432268696784
2928, 40.52907873978832
2929, 40.31658647932368
2930, 40.251229118993685
2931, 40.22834888932013
2932, 39.85011245521876
2933, 39.89755944843522
2934, 40.100379462478266
2935, 40.184439231188385
2936, 39.98145951071065
2937, 39.85038067384546
2938, 39.61230559361261
2939, 39.6882727621018
2940, 39.44649695134088
2941, 39.4108027738786
2942, 39.26177167648942
2943, 39.27084059940588
2944, 39.42829163858779
2945, 39.61930722985546
2946, 39.75590012194024
2947, 39.76916628750602
2948, 39.7891425674628
2949, 40.187234357193624
2950, 40.268446194979425
2951, 40.41231463348163
2952, 40.11891478693261
2953, 40.16617831014216
2954, 40.40652458503712
2955, 40.607945064349245
2956, 40.46234363236894
2957, 40.42662598775978
2958, 40.30696862367237
2959, 40.33026592509422
2960, 40.38164183282056
2961, 40.026261652803605
2962, 39.99991286958827
2963, 40.04156059333377
2964, 40.167590674226915
2965, 40.43285194590307
2966, 40.50860978732462
2967, 40.455900924002385
2968, 40.82885371395899
2969, 40.965282887341935
2970, 40.877509226921845
2971, 40.786003678268045
2972, 40.90633353036014
2973, 41.14397178056114
2974, 40.918155106610975
2975, 40.49048422036239
2976, 40.395769658744186
2977, 40.06990326308213
2978, 40.235533444481305
2979, 40.94887746970702
2980, 41.51336362975151
2981, 41.761992218968246
2982, 41.60434068508819
2983, 42.0515706114886
2984, 42.306751967112945
2985, 42.25913619095171
2986, 42.42092236065846
2987, 42.3955720918033
2988, 42.434649639408086
2989, 42.200125268236086
2990, 41.76382916962762
2991, 41.66170916651485
2992, 41.63337705680956
2993, 41.53329039621718
2994, 41.57994330267685
2995, 41.76259936946494
2996, 41.77962136956159
2997, 42.09815988159124
2998, 42.22615761854402
2999, 42.1512823980629
3000, 41.87254774979134
